300
1000
6.66667
F(13) = 0.00333333
F(12) = 0.0133333
F(11) = 0.03
F(10) = 0.05
F(9) = 0.09
F(8) = 0.126667
F(7) = 0.16
F(6) = 0.24
F(5) = 0.156667
F(4) = 0.0833333
F(3) = 0.04
F(2) = 0.00666667
