800
5000
12.5
F(26) = 0.00125
F(24) = 0.00125
F(21) = 0.00375
F(20) = 0.015
F(19) = 0.0125
F(18) = 0.0275
F(17) = 0.03625
F(16) = 0.0625
F(15) = 0.1025
F(14) = 0.1025
F(13) = 0.11125
F(12) = 0.13375
F(11) = 0.10875
F(10) = 0.1125
F(9) = 0.0725
F(8) = 0.05375
F(7) = 0.03
F(6) = 0.01
F(5) = 0.0025
